-3.1356974596055798,0.015480969779510132,0.04279940861509021,0.3026939928531647,-0.002418100368231535,0.48044341802597046,-0.10960824566685123,0.008037872102474813,-1.5528946534356038,-0.049230947147735474,0.15263632442771183,0.5381346032709997
-2.147056214585308,-1.804627726137505,0.21863606613567724,0.30272048711776733,-0.00240334658883512,0.5304085612297058,-0.15247323833184878,0.2878696373751834,-0.14639541745068244,0.11481430433720394,0.037632658410460276,0.5859471199345617
-2.554386812419426,1.7938892689802415,-0.3337630471939059,0.28270721435546875,-0.02240084856748581,0.430519700050354,-0.35441271568160176,-0.21633034281676203,-2.7424035352131426,0.12696365653178004,0.272187219642868,0.4384839593855697
-2.6299923143627373,0.16303760771675224,0.3696003920759356,0.2726902961730957,-0.03243543580174446,0.4306034445762634,-0.23443985105532034,0.5242111295037235,-1.6417987230828712,0.1255497268659674,0.01814648524422469,0.4939098201489684
2.3215009963884343,-1.6510181782787623,-0.3153865496220602,0.34268271923065186,0.037514638155698776,0.4804583787918091,0.4061931491568662,-0.05681664547412927,-2.7453418333493618,-0.014327004937146632,0.14874880331192594,0.5398568619777815
2.389798116062136,1.6899779167741946,-1.0655769214896396,0.25276824831962585,-0.052463095635175705,0.4805469512939453,0.4030740316219438,0.4859365846605314,-0.2870757093983209,0.1292503116546254,-0.3186699876803754,0.41151608693118324
3.042281986779063,-0.760387020963932,-0.07597250118995698,0.3627299964427948,-0.062315139919519424,0.530397891998291,-0.08193266428412813,-0.014549370701111237,-2.032363467505865,-0.030045946711213693,0.26085550552885567,0.5811795662758015
2.828708524299811,0.5830104143584384,-0.0750437284316526,0.3725379705429077,-0.07236127555370331,0.48028674721717834,0.1560763757892449,-0.1754040274979507,-1.1244427499052807,-0.2858566889208756,0.09877102225796593,0.4741927598686342
2.6201418272679042,0.5067416604322967,-0.0370725356209903,0.3026634752750397,-0.0024596168659627438,0.4304766356945038,0.28857902953482806,-0.3289883472807424,-1.130664863228496,-0.25637531978030637,0.05913615610735996,0.39495889447728
2.7094722392547292,-0.32799944344963844,0.3265274025405871,0.2828011214733124,0.017601296305656433,0.4805670976638794,0.05131649353536037,-0.48681980463894425,-1.7382331676390437,-0.17140324624990014,0.2702618243433375,0.4447721418405518
2.596582780246816,-1.6170865947776039,0.17972454069590343,0.3327152132987976,0.027593784034252167,0.5304258465766907,-0.18424228655245428,-0.21617266489628942,-2.6396604210624184,0.13075776094302635,0.2508636991315797,0.5483024761279754
3.034784199217684,-0.45123366445382473,0.21974361989516866,0.2527977228164673,0.047612305730581284,0.4806143343448639,-0.197490226579884,-0.18613172412496948,-1.8249151834289208,-0.0013062162998467343,0.19151208886554513,0.5159886355867656
-2.3876953117864166,-1.7318732840163875,-0.3850843982035558,0.24273261427879333,-0.062430668622255325,0.43061622977256775,-0.3441741394654751,-0.1165414202654819,-0.2876083770980978,-0.059509538942307254,0.04898521208400741,0.5079348157333464
-2.0795482446395166,1.5232967810044733,-0.1707977788602676,0.23280629515647888,0.0676378682255745,0.530617356300354,-0.8313149943930681,0.4353419868378263,-2.682567809904414,0.34132862507305195,-0.014310477157672289,0.49402235044601794
-2.447836866361802,1.5083897868437532,0.7878491938513714,0.3027275502681732,-0.002428074600175023,0.4306681454181671,0.25081657717066164,0.6217857953588892,-2.588091835556218,0.02776655284670251,-0.04058006207464575,0.4920683823401619
-2.4814480626483917,-1.6670878695125377,-0.43227839925042544,0.29274532198905945,-0.01245177537202835,0.43052467703819275,-0.3180535535173301,-0.16529977381121896,-0.3624828342345699,-0.11340237213310378,0.12199286279401257,0.477958625977219
3.074806938254191,-0.0792737461329212,0.5535066373215615,0.2827601432800293,-0.022420912981033325,0.5304617285728455,-0.39850171884457514,-0.36363782872253103,-1.5564795782670953,-0.0780993949617026,0.33107969774321966,0.5071927620030408
2.5190216116229727,1.175228992064124,-0.20967267205583331,0.3326074481010437,0.02752280980348587,0.4805472493171692,0.28939168024079925,-0.16402091279236714,-0.6563269392851812,-0.2053036323316793,-0.038928512439193534,0.47818435814881527
2.7729091891408397,0.32916733585828895,-0.8053132343871694,0.3427239656448364,-0.042403701692819595,0.5304018259048462,0.5202575217858133,0.2274177984957609,-1.2596500039621374,-0.20443961535758257,-0.13767512253419284,0.5186933234944924
2.8114038730618764,-0.35468028679996066,-0.37500881735777136,0.252681702375412,-0.052374910563230515,0.48047253489494324,0.34603695234228216,-0.035324282547165416,-1.7684156288557114,-0.23005050392150908,0.03827504447466947,0.4796822025080529
2.1118485045862,-1.4279273104381869,-0.13604154276711336,0.3627036511898041,-0.062275584787130356,0.48046764731407166,0.5185357421481499,-0.5425376824712668,-2.6327925001812167,-0.12033838394221341,0.36949161121237417,0.43049447072833497
-2.8507906973046797,-1.2287770205795885,-0.29366247700859627,0.23276570439338684,-0.07245031744241714,0.430539608001709,-0.20760381672277145,-0.16761586531797018,-0.7264366559667869,-0.12787853636917043,0.032381146949784195,0.4943157323454519
-2.626760591753154,1.0091246869783845,-0.023033955776367555,0.3027091920375824,-0.002415493130683899,0.4804791212081909,-0.3714100207691996,0.23087451834883863,-2.2622502069163435,0.18859770440845502,0.16344645510347652,0.5152904172358815
